     cycle      nmolecule     nmolecule1     nmolecule2         energy        energy1        energy2        energy3        energy4        energy5        energy6
       100       0.000000       0.000000       0.000000       0.000000       0.000000       0.000000       0.000000       0.000000       0.000000       0.000000
       200      28.100000      18.200000       9.900000      -0.127510      -4.174664      -4.551636     -83.937486      -0.892561     -38.601994       0.000000
       300      28.200000      18.133333      10.066667      -0.127221      -3.986250      -4.340258     -83.558258      -0.880794     -39.106011       0.000000
       400      27.575000      17.900000       9.675000      -0.124319      -3.895098      -4.045545     -82.135872      -0.835188     -37.885540       0.000000
       500      27.440000      17.820000       9.620000      -0.123011      -3.841222      -3.950474     -81.647497      -0.819207     -37.172979       0.000000
       600      27.400000      17.816667       9.583333      -0.122980      -3.825854      -3.950209     -81.771591      -0.826665     -37.015827       0.000000
       700      27.014286      17.485714       9.528571      -0.121513      -3.760452      -3.800999     -80.431462      -0.795803     -37.042630       0.000000
       800      26.975000      17.650000       9.325000      -0.121381      -3.855429      -3.698112     -81.214385      -0.778882     -36.139296       0.000000
       900      27.044444      17.633333       9.411111      -0.121928      -3.862474      -3.739220     -81.350203      -0.820055     -36.487731       0.000000
      1000      27.030000      17.760000       9.270000      -0.121562      -3.906306      -3.704909     -81.586155      -0.817113     -35.872455       0.000000
      1100      27.072727      17.663636       9.409091      -0.121410      -3.889978      -3.728415     -80.895481      -0.861688     -36.356682       0.000000
      1200      27.091667      17.683333       9.408333      -0.121605      -3.873876      -3.713683     -81.144129      -0.847583     -36.354567       0.000000
      1300      27.053846      17.730769       9.323077      -0.121523      -3.888853      -3.662387     -81.312706      -0.837098     -36.143790       0.000000
      1400      27.192857      17.778571       9.414286      -0.121953      -3.899898      -3.730299     -81.222470      -0.852161     -36.605560       0.000000
      1500      27.186667      17.740000       9.446667      -0.121794      -3.832848      -3.724210     -80.984027      -0.885233     -36.717326       0.000000
      1600      27.100000      17.700000       9.400000      -0.121532      -3.813872      -3.703262     -80.896250      -0.875949     -36.573615       0.000000
      1700      26.917647      17.523529       9.394118      -0.120599      -3.743079      -3.637414     -80.077261      -0.867736     -36.550772       0.000000
      1800      26.966667      17.533333       9.433333      -0.120839      -3.766922      -3.639094     -80.109065      -0.872094     -36.740942       0.000000
      1900      27.010526      17.526316       9.484211      -0.120996      -3.748002      -3.672211     -80.033088      -0.882379     -36.958527       0.000000
      2000      27.140000      17.610000       9.530000      -0.121474      -3.777040      -3.697373     -80.344225      -0.891927     -37.094627       0.000000
      2100      27.204762      17.595238       9.609524      -0.121768      -3.767780      -3.728008     -80.178830      -0.903421     -37.540170       0.000000
      2200      27.204545      17.604545       9.600000      -0.121786      -3.777213      -3.749808     -80.243739      -0.897228     -37.467508       0.000000
      2300      27.256522      17.595652       9.660870      -0.121960      -3.768520      -3.774166     -80.245331      -0.908410     -37.625719       0.000000
      2400      27.262500      17.570833       9.691667      -0.121911      -3.745488      -3.770430     -80.081820      -0.907915     -37.767311       0.000000
      2500      27.280000      17.628000       9.652000      -0.122014      -3.785445      -3.788842     -80.279866      -0.891328     -37.635501       0.000000
      2600      27.276923      17.619231       9.657692      -0.121897      -3.798122      -3.788289     -80.183566      -0.886594     -37.600797       0.000000
      2700      27.177778      17.525926       9.651852      -0.121463      -3.757876      -3.763815     -79.823183      -0.885255     -37.567212       0.000000
      2800      27.217857      17.535714       9.682143      -0.121619      -3.755066      -3.791451     -79.842649      -0.891789     -37.683161       0.000000
      2900      27.255172      17.586207       9.668966      -0.121830      -3.808267      -3.779646     -80.084148      -0.887061     -37.627628       0.000000
      3000      27.276667      17.610000       9.666667      -0.121986      -3.800530      -3.782585     -80.255040      -0.878766     -37.632272       0.000000
      3100      27.383871      17.693548       9.690323      -0.122461      -3.833042      -3.792452     -80.539531      -0.889080     -37.799840       0.000000
      3200      27.343750      17.637500       9.706250      -0.122293      -3.800499      -3.793616     -80.303514      -0.891219     -37.885354       0.000000
      3300      27.354545      17.651515       9.703030      -0.122404      -3.824693      -3.789897     -80.402171      -0.899961     -37.872930       0.000000
      3400      27.314706      17.641176       9.673529      -0.122240      -3.817540      -3.767848     -80.360507      -0.901772     -37.767290       0.000000
      3500      27.280000      17.611429       9.668571      -0.122151      -3.799933      -3.766254     -80.246219      -0.902823     -37.802497       0.000000
      3600      27.283333      17.636111       9.647222      -0.122118      -3.799399      -3.731208     -80.312197      -0.896494     -37.744536       0.000000
      3700      27.318919      17.648649       9.670270      -0.122280      -3.810790      -3.739711     -80.373959      -0.900700     -37.830675       0.000000
      3800      27.289474      17.605263       9.684211      -0.122142      -3.782946      -3.722879     -80.131136      -0.901603     -37.970488       0.000000
      3900      27.248718      17.553846       9.694872      -0.121995      -3.759522      -3.716936     -79.925818      -0.906165     -38.043490       0.000000
      4000      27.237500      17.542500       9.695000      -0.122006      -3.756418      -3.719227     -79.926055      -0.907896     -38.054363       0.000000
      4100      27.290244      17.575610       9.714634      -0.122228      -3.766220      -3.724433     -80.040422      -0.910340     -38.158733       0.000000
      4200      27.295238      17.580952       9.714286      -0.122338      -3.766418      -3.732706     -80.119881      -0.909736     -38.185765       0.000000
      4300      27.281395      17.565116       9.716279      -0.122260      -3.750193      -3.721066     -80.076203      -0.913268     -38.170519       0.000000
      4400      27.279545      17.586364       9.693182      -0.122291      -3.761135      -3.715495     -80.186096      -0.919866     -38.079813       0.000000
      4500      27.293333      17.606667       9.686667      -0.122376      -3.771782      -3.711122     -80.322494      -0.928179     -38.018469       0.000000
      4600      27.297826      17.591304       9.706522      -0.122346      -3.773825      -3.709982     -80.278527      -0.927448     -38.032362       0.000000
      4700      27.321277      17.576596       9.744681      -0.122413      -3.754104      -3.724479     -80.216153      -0.935854     -38.163078       0.000000
      4800      27.281250      17.560417       9.720833      -0.122238      -3.737650      -3.711439     -80.124529      -0.931192     -38.103819       0.000000
      4900      27.234694      17.530612       9.704082      -0.122051      -3.724579      -3.694813     -80.048912      -0.931748     -38.009089       0.000000
      5000      27.228000      17.544000       9.684000      -0.122079      -3.737721      -3.700658     -80.106297      -0.924126     -37.968858       0.000000
